timestamp,model,mode,epoch,width,depth,train_loss,val_loss,task,phase,candidate_dir,neurons,best_val,best_epoch,es_counter,improved,train_acc,val_acc,throughput
2026-06-14 01:46:16,classification_stl_ablation_r04_d03_w0011_11_11_11,stl_ablation_r04_d03_w0011_11_11_11,1,11,3,1.879268314460836,1.687646989682786,classification,stl_ablation_r04_d03_w0011_11_11_11,cand_000_d3_w11,40,1.687646989682786,1,0,True,0.2506615606376799,0.5547236708490387,
2026-06-14 01:46:43,classification_stl_ablation_r04_d03_w0011_11_11_11,stl_ablation_r04_d03_w0011_11_11_11,2,11,3,1.2782973335548988,0.944730083469811,classification,stl_ablation_r04_d03_w0011_11_11_11,cand_000_d3_w11,40,0.944730083469811,2,0,True,0.5698371377552118,0.5898177311922342,
2026-06-14 01:47:11,classification_stl_ablation_r04_d03_w0011_11_11_11,stl_ablation_r04_d03_w0011_11_11_11,3,11,3,0.8562052025228905,0.7976886222732696,classification,stl_ablation_r04_d03_w0011_11_11_11,cand_000_d3_w11,40,0.7976886222732696,3,0,True,0.6592478647189174,0.6945663585824685,
2026-06-14 01:47:46,classification_stl_ablation_r04_d03_w0011_11_11_11,stl_ablation_r04_d03_w0011_11_11_11,4,11,3,0.7652330281561043,0.7404385659126785,classification,stl_ablation_r04_d03_w0011_11_11_11,cand_000_d3_w11,40,0.7404385659126785,4,0,True,0.704814870592285,0.709488649076608,
2026-06-14 01:48:13,classification_stl_ablation_r04_d03_w0011_11_11_11,stl_ablation_r04_d03_w0011_11_11_11,5,11,3,0.7223038111613541,0.7081970067000102,classification,stl_ablation_r04_d03_w0011_11_11_11,cand_000_d3_w11,40,0.7081970067000102,5,0,True,0.7145048514446763,0.7165281148345123,
2026-06-14 01:48:42,classification_stl_ablation_r04_d03_w0011_11_11_11,stl_ablation_r04_d03_w0011_11_11_11,6,11,3,0.6946844153402595,0.6829615281524044,classification,stl_ablation_r04_d03_w0011_11_11_11,cand_000_d3_w11,40,0.6829615281524044,6,0,True,0.7195241066242121,0.7216571143353815,
2026-06-14 01:49:18,classification_stl_ablation_r04_d03_w0011_11_11_11,stl_ablation_r04_d03_w0011_11_11_11,7,11,3,0.6690267882862404,0.6541640662215064,classification,stl_ablation_r04_d03_w0011_11_11_11,cand_000_d3_w11,40,0.6541640662215064,7,0,True,0.723089004109206,0.7239806543777215,
2026-06-14 01:49:48,classification_stl_ablation_r04_d03_w0011_11_11_11,stl_ablation_r04_d03_w0011_11_11_11,8,11,3,0.6447016811484209,0.6369613205948926,classification,stl_ablation_r04_d03_w0011_11_11_11,cand_000_d3_w11,40,0.6369613205948926,8,0,True,0.7287924098018546,0.7340493278945285,
2026-06-14 01:50:24,classification_stl_ablation_r04_d03_w0011_11_11_11,stl_ablation_r04_d03_w0011_11_11_11,9,11,3,0.63280427252907,0.6269079491449152,classification,stl_ablation_r04_d03_w0011_11_11_11,cand_000_d3_w11,40,0.6269079491449152,9,0,True,0.7350680923388051,0.7372678611383625,
2026-06-14 01:50:52,classification_stl_ablation_r04_d03_w0011_11_11_11,stl_ablation_r04_d03_w0011_11_11_11,10,11,3,0.6243843841385004,0.6197009521233141,classification,stl_ablation_r04_d03_w0011_11_11_11,cand_000_d3_w11,40,0.6197009521233141,10,0,True,0.737357199716013,0.7391783273953977,
2026-06-14 01:51:22,classification_stl_ablation_r04_d03_w0011_11_11_11,stl_ablation_r04_d03_w0011_11_11_11,11,11,3,0.6170589374963994,0.6124291091844983,classification,stl_ablation_r04_d03_w0011_11_11_11,cand_000_d3_w11,40,0.6124291091844983,11,0,True,0.7397603321787397,0.7413469647682484,
2026-06-14 01:51:58,classification_stl_ablation_r04_d03_w0011_11_11_11,stl_ablation_r04_d03_w0011_11_11_11,12,11,3,0.6107547753769879,0.6066601098787128,classification,stl_ablation_r04_d03_w0011_11_11_11,cand_000_d3_w11,40,0.6066601098787128,12,0,True,0.7417783610507519,0.7431025283557943,
2026-06-14 01:52:26,classification_stl_ablation_r04_d03_w0011_11_11_11,stl_ablation_r04_d03_w0011_11_11_11,13,11,3,0.605015921468838,0.6012752133739895,classification,stl_ablation_r04_d03_w0011_11_11_11,cand_000_d3_w11,40,0.6012752133739895,13,0,True,0.7435747940018502,0.7446859778661297,
2026-06-14 01:53:02,classification_stl_ablation_r04_d03_w0011_11_11_11,stl_ablation_r04_d03_w0011_11_11_11,14,11,3,0.5998345584624303,0.5969190794903203,classification,stl_ablation_r04_d03_w0011_11_11_11,cand_000_d3_w11,40,0.5969190794903203,14,0,True,0.7455433402895807,0.7477151856250323,
2026-06-14 01:53:37,classification_stl_ablation_r04_d03_w0011_11_11_11,stl_ablation_r04_d03_w0011_11_11_11,15,11,3,0.5958056565767896,0.5936090357414291,classification,stl_ablation_r04_d03_w0011_11_11_11,cand_000_d3_w11,40,0.5936090357414291,15,0,True,0.7470471805684042,0.7493158465430888,
2026-06-14 01:54:05,classification_stl_ablation_r04_d03_w0011_11_11_11,stl_ablation_r04_d03_w0011_11_11_11,16,11,3,0.5913936955868122,0.5901827469899755,classification,stl_ablation_r04_d03_w0011_11_11_11,cand_000_d3_w11,40,0.5901827469899755,16,0,True,0.7494868871151653,0.748954406980947,
2026-06-14 01:54:33,classification_stl_ablation_r04_d03_w0011_11_11_11,stl_ablation_r04_d03_w0011_11_11_11,17,11,3,0.5882261177281479,0.587029394920889,classification,stl_ablation_r04_d03_w0011_11_11_11,cand_000_d3_w11,40,0.587029394920889,17,0,True,0.7506895290548826,0.7519491919244075,
2026-06-14 01:55:07,classification_stl_ablation_r04_d03_w0011_11_11_11,stl_ablation_r04_d03_w0011_11_11_11,18,11,3,0.5848125134882204,0.5840935446077676,classification,stl_ablation_r04_d03_w0011_11_11_11,cand_000_d3_w11,40,0.5840935446077676,18,0,True,0.7514812504033906,0.751725443624034,
2026-06-14 01:55:43,classification_stl_ablation_r04_d03_w0011_11_11_11,stl_ablation_r04_d03_w0011_11_11_11,19,11,3,0.5821154583829223,0.5818691384154026,classification,stl_ablation_r04_d03_w0011_11_11_11,cand_000_d3_w11,40,0.5818691384154026,19,0,True,0.752617198425163,0.7519491919244075,
2026-06-14 01:56:13,classification_stl_ablation_r04_d03_w0011_11_11_11,stl_ablation_r04_d03_w0011_11_11_11,20,11,3,0.5792135643660515,0.5794772121578451,classification,stl_ablation_r04_d03_w0011_11_11_11,cand_000_d3_w11,40,0.5794772121578451,20,0,True,0.7527613433445924,0.7538252353660005,
2026-06-14 01:56:42,classification_stl_ablation_r04_d03_w0011_11_11_11,stl_ablation_r04_d03_w0011_11_11_11,21,11,3,0.5763811888278976,0.5756452421974113,classification,stl_ablation_r04_d03_w0011_11_11_11,cand_000_d3_w11,40,0.5756452421974113,21,0,True,0.7546459843807147,0.7559078157002461,
2026-06-14 01:57:10,classification_stl_ablation_r04_d03_w0011_11_11_11,stl_ablation_r04_d03_w0011_11_11_11,22,11,3,0.5726929314585685,0.5727631509128621,classification,stl_ablation_r04_d03_w0011_11_11_11,cand_000_d3_w11,40,0.5727631509128621,22,0,True,0.7567974010886168,0.7559938727388513,
2026-06-14 01:57:45,classification_stl_ablation_r04_d03_w0011_11_11_11,stl_ablation_r04_d03_w0011_11_11_11,23,11,3,0.570494575005606,0.5708256203769905,classification,stl_ablation_r04_d03_w0011_11_11_11,cand_000_d3_w11,40,0.5708256203769905,23,0,True,0.7575288827693036,0.7566306948245297,
2026-06-14 01:58:20,classification_stl_ablation_r04_d03_w0011_11_11_11,stl_ablation_r04_d03_w0011_11_11_11,24,11,3,0.5684186639000665,0.5684312402004855,classification,stl_ablation_r04_d03_w0011_11_11_11,cand_000_d3_w11,40,0.5684312402004855,24,0,True,0.7581011596136056,0.7583690470043545,
2026-06-14 01:58:49,classification_stl_ablation_r04_d03_w0011_11_11_11,stl_ablation_r04_d03_w0011_11_11_11,25,11,3,0.5660126452701837,0.5656084606340589,classification,stl_ablation_r04_d03_w0011_11_11_11,cand_000_d3_w11,40,0.5656084606340589,25,0,True,0.7592500161356253,0.7610540266088364,
2026-06-14 01:59:19,classification_stl_ablation_r04_d03_w0011_11_11_11,stl_ablation_r04_d03_w0011_11_11_11,26,11,3,0.5640268801532312,0.5648285637841397,classification,stl_ablation_r04_d03_w0011_11_11_11,cand_000_d3_w11,40,0.5648285637841397,26,0,True,0.7598846840644564,0.7608647011239049,
2026-06-14 01:59:54,classification_stl_ablation_r04_d03_w0011_11_11_11,stl_ablation_r04_d03_w0011_11_11_11,27,11,3,0.5620678406256601,0.5624750396601766,classification,stl_ablation_r04_d03_w0011_11_11_11,cand_000_d3_w11,40,0.5624750396601766,27,0,True,0.7611991996729847,0.7615703688404675,
2026-06-14 02:00:30,classification_stl_ablation_r04_d03_w0011_11_11_11,stl_ablation_r04_d03_w0011_11_11_11,28,11,3,0.5603140304716993,0.5613177879123675,classification,stl_ablation_r04_d03_w0011_11_11_11,cand_000_d3_w11,40,0.5613177879123675,28,0,True,0.7620898861900561,0.7620522882566565,
2026-06-14 02:00:57,classification_stl_ablation_r04_d03_w0011_11_11_11,stl_ablation_r04_d03_w0011_11_11_11,29,11,3,0.5586737002940892,0.5592098950034803,classification,stl_ablation_r04_d03_w0011_11_11_11,cand_000_d3_w11,40,0.5592098950034803,29,0,True,0.7629891783739593,0.7624137278187983,
2026-06-14 02:01:26,classification_stl_ablation_r04_d03_w0011_11_11_11,stl_ablation_r04_d03_w0011_11_11_11,30,11,3,0.5568672792846541,0.5574234031483576,classification,stl_ablation_r04_d03_w0011_11_11_11,cand_000_d3_w11,40,0.5574234031483576,30,0,True,0.7641681547298896,0.7641520799986231,
2026-06-14 02:01:54,classification_stl_ablation_r04_d03_w0011_11_11_11,stl_ablation_r04_d03_w0011_11_11_11,31,11,3,0.5550268476748667,0.5557206491191232,classification,stl_ablation_r04_d03_w0011_11_11_11,cand_000_d3_w11,40,0.5557206491191232,31,0,True,0.7650222671629268,0.7645307309684859,
2026-06-14 02:02:29,classification_stl_ablation_r04_d03_w0011_11_11_11,stl_ablation_r04_d03_w0011_11_11_11,32,11,3,0.5535255928983459,0.555623288078769,classification,stl_ablation_r04_d03_w0011_11_11_11,cand_000_d3_w11,40,0.5557206491191232,31,1,False,0.7660097674318539,0.7646684222302542,
2026-06-14 02:02:56,classification_stl_ablation_r04_d03_w0011_11_11_11,stl_ablation_r04_d03_w0011_11_11_11,33,11,3,0.5527190359810672,0.5541178073549194,classification,stl_ablation_r04_d03_w0011_11_11_11,cand_000_d3_w11,40,0.5541178073549194,33,0,True,0.7659064994298745,0.7655978382471902,
2026-06-14 02:03:33,classification_stl_ablation_r04_d03_w0011_11_11_11,stl_ablation_r04_d03_w0011_11_11_11,34,11,3,0.5512813807200633,0.5526704283444348,classification,stl_ablation_r04_d03_w0011_11_11_11,cand_000_d3_w11,40,0.5526704283444348,34,0,True,0.7673952797917428,0.7661486032942635,
2026-06-14 02:04:03,classification_stl_ablation_r04_d03_w0011_11_11_11,stl_ablation_r04_d03_w0011_11_11_11,35,11,3,0.5503783977623381,0.5511383121030999,classification,stl_ablation_r04_d03_w0011_11_11_11,cand_000_d3_w11,40,0.5511383121030999,35,0,True,0.7673156773735504,0.766905905233989,
2026-06-14 02:04:38,classification_stl_ablation_r04_d03_w0011_11_11_11,stl_ablation_r04_d03_w0011_11_11_11,36,11,3,0.548993707477722,0.5507066183955149,classification,stl_ablation_r04_d03_w0011_11_11_11,cand_000_d3_w11,40,0.5507066183955149,36,0,True,0.7678148060497838,0.7685754117829298,
2026-06-14 02:05:05,classification_stl_ablation_r04_d03_w0011_11_11_11,stl_ablation_r04_d03_w0011_11_11_11,37,11,3,0.5484591867942151,0.5493517423960078,classification,stl_ablation_r04_d03_w0011_11_11_11,cand_000_d3_w11,40,0.5493517423960078,37,0,True,0.76886469740324,0.7681279151821827,
2026-06-14 02:05:40,classification_stl_ablation_r04_d03_w0011_11_11_11,stl_ablation_r04_d03_w0011_11_11_11,38,11,3,0.5475459385966145,0.5487956771355947,classification,stl_ablation_r04_d03_w0011_11_11_11,cand_000_d3_w11,40,0.5487956771355947,38,0,True,0.7691164131580646,0.7685754117829298,
2026-06-14 02:06:16,classification_stl_ablation_r04_d03_w0011_11_11_11,stl_ablation_r04_d03_w0011_11_11_11,39,11,3,0.5467707938998274,0.5478066069454304,classification,stl_ablation_r04_d03_w0011_11_11_11,cand_000_d3_w11,40,0.5478066069454304,39,0,True,0.7696972956691982,0.7698318445465655,
2026-06-14 02:06:44,classification_stl_ablation_r04_d03_w0011_11_11_11,stl_ablation_r04_d03_w0011_11_11_11,40,11,3,0.5460078514588402,0.547521714485996,classification,stl_ablation_r04_d03_w0011_11_11_11,cand_000_d3_w11,40,0.547521714485996,40,0,True,0.7701641530948129,0.7685926231906508,
2026-06-14 02:07:19,classification_stl_ablation_r04_d03_w0011_11_11_11,stl_ablation_r04_d03_w0011_11_11_11,41,11,3,0.5453618814619454,0.5474657414281671,classification,stl_ablation_r04_d03_w0011_11_11_11,cand_000_d3_w11,40,0.547521714485996,40,1,False,0.7705621651857748,0.7694015593535395,
2026-06-14 02:07:56,classification_stl_ablation_r04_d03_w0011_11_11_11,stl_ablation_r04_d03_w0011_11_11_11,42,11,3,0.5448297062407662,0.5459308725244931,classification,stl_ablation_r04_d03_w0011_11_11_11,cand_000_d3_w11,40,0.5459308725244931,42,0,True,0.7705126826014931,0.7698318445465655,
2026-06-14 02:08:29,classification_stl_ablation_r04_d03_w0011_11_11_11,stl_ablation_r04_d03_w0011_11_11_11,43,11,3,0.5443310092757392,0.5457694157169386,classification,stl_ablation_r04_d03_w0011_11_11_11,cand_000_d3_w11,40,0.5457694157169386,43,0,True,0.7704761085174587,0.7701244384778231,
2026-06-14 02:08:59,classification_stl_ablation_r04_d03_w0011_11_11_11,stl_ablation_r04_d03_w0011_11_11_11,44,11,3,0.5440784723989366,0.5447671396463837,classification,stl_ablation_r04_d03_w0011_11_11_11,cand_000_d3_w11,40,0.5447671396463837,44,0,True,0.7706869473548331,0.7706235693017331,
2026-06-14 02:09:35,classification_stl_ablation_r04_d03_w0011_11_11_11,stl_ablation_r04_d03_w0011_11_11_11,45,11,3,0.5429588657738494,0.544310790420705,classification,stl_ablation_r04_d03_w0011_11_11_11,cand_000_d3_w11,40,0.544310790420705,45,0,True,0.7715668767883651,0.7706063578940121,
2026-06-14 02:10:03,classification_stl_ablation_r04_d03_w0011_11_11_11,stl_ablation_r04_d03_w0011_11_11_11,46,11,3,0.5423898131754898,0.5445779275529773,classification,stl_ablation_r04_d03_w0011_11_11_11,cand_000_d3_w11,40,0.544310790420705,45,1,False,0.7720165228803166,0.7703998210013597,
2026-06-14 02:10:33,classification_stl_ablation_r04_d03_w0011_11_11_11,stl_ablation_r04_d03_w0011_11_11_11,47,11,3,0.542002085369268,0.5434269337542826,classification,stl_ablation_r04_d03_w0011_11_11_11,cand_000_d3_w11,40,0.5434269337542826,47,0,True,0.7724209892214023,0.7715357739109482,
2026-06-14 02:11:01,classification_stl_ablation_r04_d03_w0011_11_11_11,stl_ablation_r04_d03_w0011_11_11_11,48,11,3,0.5412437961335483,0.5428406555251171,classification,stl_ablation_r04_d03_w0011_11_11_11,cand_000_d3_w11,40,0.5428406555251171,48,0,True,0.7725113487231342,0.7716734651727165,
2026-06-14 02:11:29,classification_stl_ablation_r04_d03_w0011_11_11_11,stl_ablation_r04_d03_w0011_11_11_11,49,11,3,0.540232747195497,0.5410944039484192,classification,stl_ablation_r04_d03_w0011_11_11_11,cand_000_d3_w11,40,0.5410944039484192,49,0,True,0.773285858737979,0.7735667200220306,
2026-06-14 02:11:59,classification_stl_ablation_r04_d03_w0011_11_11_11,stl_ablation_r04_d03_w0011_11_11_11,50,11,3,0.5396334180494704,0.5417463331560582,classification,stl_ablation_r04_d03_w0011_11_11_11,cand_000_d3_w11,40,0.5410944039484192,49,1,False,0.7736451453281986,0.772344710073837,
2026-06-14 02:12:35,classification_stl_ablation_r04_d03_w0011_11_11_11,stl_ablation_r04_d03_w0011_11_11_11,51,11,3,0.5388781015506872,0.5398712186455856,classification,stl_ablation_r04_d03_w0011_11_11_11,cand_000_d3_w11,40,0.5398712186455856,51,0,True,0.7738818011660679,0.7735839314297517,
2026-06-14 02:13:03,classification_stl_ablation_r04_d03_w0011_11_11_11,stl_ablation_r04_d03_w0011_11_11_11,52,11,3,0.5384502194241734,0.5394277997623078,classification,stl_ablation_r04_d03_w0011_11_11_11,cand_000_d3_w11,40,0.5394277997623078,52,0,True,0.7738000473311676,0.7736011428374727,
2026-06-14 02:13:38,classification_stl_ablation_r04_d03_w0011_11_11_11,stl_ablation_r04_d03_w0011_11_11_11,53,11,3,0.5377063433971291,0.5393698286331882,classification,stl_ablation_r04_d03_w0011_11_11_11,cand_000_d3_w11,40,0.5394277997623078,52,1,False,0.7740539145027,0.7733773945370992,
2026-06-14 02:14:06,classification_stl_ablation_r04_d03_w0011_11_11_11,stl_ablation_r04_d03_w0011_11_11_11,54,11,3,0.53704697559716,0.5380104026113905,classification,stl_ablation_r04_d03_w0011_11_11_11,cand_000_d3_w11,40,0.5380104026113905,54,0,True,0.774647705514081,0.774668250116177,
2026-06-14 02:14:36,classification_stl_ablation_r04_d03_w0011_11_11_11,stl_ablation_r04_d03_w0011_11_11_11,55,11,3,0.5368735426674739,0.5372757689784319,classification,stl_ablation_r04_d03_w0011_11_11_11,cand_000_d3_w11,40,0.5372757689784319,55,0,True,0.7747853961833867,0.7745649816698508,
2026-06-14 02:15:05,classification_stl_ablation_r04_d03_w0011_11_11_11,stl_ablation_r04_d03_w0011_11_11_11,56,11,3,0.5364000123415195,0.537012796597223,classification,stl_ablation_r04_d03_w0011_11_11_11,cand_000_d3_w11,40,0.537012796597223,56,0,True,0.7746347970138336,0.7730675891981205,
2026-06-14 02:15:33,classification_stl_ablation_r04_d03_w0011_11_11_11,stl_ablation_r04_d03_w0011_11_11_11,57,11,3,0.5354474404457245,0.5361962298384977,classification,stl_ablation_r04_d03_w0011_11_11_11,cand_000_d3_w11,40,0.5361962298384977,57,0,True,0.775263010692541,0.7735667200220306,
2026-06-14 02:16:08,classification_stl_ablation_r04_d03_w0011_11_11_11,stl_ablation_r04_d03_w0011_11_11_11,58,11,3,0.534805006149783,0.5360893775517246,classification,stl_ablation_r04_d03_w0011_11_11_11,cand_000_d3_w11,40,0.5360893775517246,58,0,True,0.7757513822852349,0.7744789246312456,
2026-06-14 02:16:39,classification_stl_ablation_r04_d03_w0011_11_11_11,stl_ablation_r04_d03_w0011_11_11_11,59,11,3,0.5340615871953809,0.5341852532602854,classification,stl_ablation_r04_d03_w0011_11_11_11,cand_000_d3_w11,40,0.5341852532602854,59,0,True,0.7763344162130763,0.7756320889485551,
2026-06-14 02:17:14,classification_stl_ablation_r04_d03_w0011_11_11_11,stl_ablation_r04_d03_w0011_11_11_11,60,11,3,0.5334420728241319,0.5339559990330425,classification,stl_ablation_r04_d03_w0011_11_11_11,cand_000_d3_w11,40,0.5339559990330425,60,0,True,0.7767023084701276,0.7747198843393401,
2026-06-14 02:17:49,classification_stl_ablation_r04_d03_w0011_11_11_11,stl_ablation_r04_d03_w0011_11_11_11,61,11,3,0.5332528265440557,0.5355012009052362,classification,stl_ablation_r04_d03_w0011_11_11_11,cand_000_d3_w11,40,0.5339559990330425,60,1,False,0.7766614315526774,0.7729987435672364,
2026-06-14 02:18:20,classification_stl_ablation_r04_d03_w0011_11_11_11,stl_ablation_r04_d03_w0011_11_11_11,62,11,3,0.5325205623340551,0.53334041908418,classification,stl_ablation_r04_d03_w0011_11_11_11,cand_000_d3_w11,40,0.53334041908418,62,0,True,0.7769647813084917,0.7747543071547822,
2026-06-14 02:18:52,classification_stl_ablation_r04_d03_w0011_11_11_11,stl_ablation_r04_d03_w0011_11_11_11,63,11,3,0.5319177948465005,0.5331736292843728,classification,stl_ablation_r04_d03_w0011_11_11_11,cand_000_d3_w11,40,0.5331736292843728,63,0,True,0.776867967556636,0.7767852532658646,
2026-06-14 02:19:29,classification_stl_ablation_r04_d03_w0011_11_11_11,stl_ablation_r04_d03_w0011_11_11_11,64,11,3,0.531567558116658,0.5318646488736533,classification,stl_ablation_r04_d03_w0011_11_11_11,cand_000_d3_w11,40,0.5318646488736533,64,0,True,0.7773649448161615,0.7772499612743327,
2026-06-14 02:19:57,classification_stl_ablation_r04_d03_w0011_11_11_11,stl_ablation_r04_d03_w0011_11_11_11,65,11,3,0.5306583692629918,0.5319138459848584,classification,stl_ablation_r04_d03_w0011_11_11_11,cand_000_d3_w11,40,0.5318646488736533,64,1,False,0.777857619242271,0.7758386258412076,
2026-06-14 02:20:34,classification_stl_ablation_r04_d03_w0011_11_11_11,stl_ablation_r04_d03_w0011_11_11_11,66,11,3,0.530288011661862,0.5309860576791497,classification,stl_ablation_r04_d03_w0011_11_11_11,cand_000_d3_w11,40,0.5309860576791497,66,0,True,0.7779200103268002,0.7761828539956283,
2026-06-14 02:21:04,classification_stl_ablation_r04_d03_w0011_11_11_11,stl_ablation_r04_d03_w0011_11_11_11,67,11,3,0.5298130877085016,0.529943160022943,classification,stl_ablation_r04_d03_w0011_11_11_11,cand_000_d3_w11,40,0.529943160022943,67,0,True,0.7784385017534046,0.7781449544758265,
2026-06-14 02:21:32,classification_stl_ablation_r04_d03_w0011_11_11_11,stl_ablation_r04_d03_w0011_11_11_11,68,11,3,0.5292146060997195,0.5293507192914977,classification,stl_ablation_r04_d03_w0011_11_11_11,cand_000_d3_w11,40,0.5293507192914977,68,0,True,0.7785697381725867,0.7775941894287534,
2026-06-14 02:22:07,classification_stl_ablation_r04_d03_w0011_11_11_11,stl_ablation_r04_d03_w0011_11_11_11,69,11,3,0.529025991336247,0.5292773628423215,classification,stl_ablation_r04_d03_w0011_11_11_11,cand_000_d3_w11,40,0.5293507192914977,68,1,False,0.7786084636733289,0.7773015954974958,
2026-06-14 02:22:34,classification_stl_ablation_r04_d03_w0011_11_11_11,stl_ablation_r04_d03_w0011_11_11_11,70,11,3,0.5283589362895534,0.5292641614860611,classification,stl_ablation_r04_d03_w0011_11_11_11,cand_000_d3_w11,40,0.5293507192914977,68,2,False,0.7790193842645382,0.7778007263214058,
2026-06-14 02:23:02,classification_stl_ablation_r04_d03_w0011_11_11_11,stl_ablation_r04_d03_w0011_11_11_11,71,11,3,0.528556717632893,0.528209222605203,classification,stl_ablation_r04_d03_w0011_11_11_11,cand_000_d3_w11,40,0.528209222605203,71,0,True,0.778606312256621,0.7769057331199118,
2026-06-14 02:23:37,classification_stl_ablation_r04_d03_w0011_11_11_11,stl_ablation_r04_d03_w0011_11_11_11,72,11,3,0.5279426824684662,0.5288359425689215,classification,stl_ablation_r04_d03_w0011_11_11_11,cand_000_d3_w11,40,0.528209222605203,71,1,False,0.7793356425205998,0.7785924510765736,
2026-06-14 02:24:05,classification_stl_ablation_r04_d03_w0011_11_11_11,stl_ablation_r04_d03_w0011_11_11_11,73,11,3,0.5275785450909102,0.5281075096040504,classification,stl_ablation_r04_d03_w0011_11_11_11,cand_000_d3_w11,40,0.5281075096040504,73,0,True,0.7791420150168886,0.7790743704927626,
2026-06-14 02:24:43,classification_stl_ablation_r04_d03_w0011_11_11_11,stl_ablation_r04_d03_w0011_11_11_11,74,11,3,0.5275229974097817,0.5280230305040603,classification,stl_ablation_r04_d03_w0011_11_11_11,cand_000_d3_w11,40,0.5281075096040504,73,1,False,0.7790408984316172,0.7779039947677321,
2026-06-14 02:25:10,classification_stl_ablation_r04_d03_w0011_11_11_11,stl_ablation_r04_d03_w0011_11_11_11,75,11,3,0.5271666423360544,0.5282626279760615,classification,stl_ablation_r04_d03_w0011_11_11_11,cand_000_d3_w11,40,0.5281075096040504,73,2,False,0.7793463996041393,0.7772843840897747,
2026-06-14 02:25:46,classification_stl_ablation_r04_d03_w0011_11_11_11,stl_ablation_r04_d03_w0011_11_11_11,76,11,3,0.5270269515366597,0.5282984956488819,classification,stl_ablation_r04_d03_w0011_11_11_11,cand_000_d3_w11,40,0.5281075096040504,73,3,False,0.7793399453540156,0.7777146692828006,
2026-06-14 02:26:16,classification_stl_ablation_r04_d03_w0011_11_11_11,stl_ablation_r04_d03_w0011_11_11_11,77,11,3,0.5266898996160962,0.5263591304736114,classification,stl_ablation_r04_d03_w0011_11_11_11,cand_000_d3_w11,40,0.5263591304736114,77,0,True,0.7792065575181257,0.7785752396688526,
2026-06-14 02:26:50,classification_stl_ablation_r04_d03_w0011_11_11_11,stl_ablation_r04_d03_w0011_11_11_11,78,11,3,0.5263367690870975,0.527334406314086,classification,stl_ablation_r04_d03_w0011_11_11_11,cand_000_d3_w11,40,0.5263591304736114,77,1,False,0.7793700651879263,0.7785063940379684,
2026-06-14 02:27:25,classification_stl_ablation_r04_d03_w0011_11_11_11,stl_ablation_r04_d03_w0011_11_11_11,79,11,3,0.525689120170687,0.5263874043263358,classification,stl_ablation_r04_d03_w0011_11_11_11,cand_000_d3_w11,40,0.5263591304736114,77,2,False,0.7795099072739399,0.7779039947677321,
2026-06-14 02:27:52,classification_stl_ablation_r04_d03_w0011_11_11_11,stl_ablation_r04_d03_w0011_11_11_11,80,11,3,0.5257255838361583,0.5264410006862706,classification,stl_ablation_r04_d03_w0011_11_11_11,cand_000_d3_w11,40,0.5263591304736114,77,3,False,0.7800305501172522,0.777456498166985,
2026-06-14 02:28:23,classification_stl_ablation_r04_d03_w0011_11_11_11,stl_ablation_r04_d03_w0011_11_11_11,81,11,3,0.5253624471782835,0.5260756892012338,classification,stl_ablation_r04_d03_w0011_11_11_11,cand_000_d3_w11,40,0.5260756892012338,81,0,True,0.7799165250317334,0.7775425552055902,
2026-06-14 02:28:58,classification_stl_ablation_r04_d03_w0011_11_11_11,stl_ablation_r04_d03_w0011_11_11_11,82,11,3,0.5252012756043115,0.5251360932298602,classification,stl_ablation_r04_d03_w0011_11_11_11,cand_000_d3_w11,40,0.5251360932298602,82,0,True,0.7799789161162626,0.7794530214626254,
2026-06-14 02:29:27,classification_stl_ablation_r04_d03_w0011_11_11_11,stl_ablation_r04_d03_w0011_11_11_11,83,11,3,0.5245849742869605,0.5250861355508311,classification,stl_ablation_r04_d03_w0011_11_11_11,cand_000_d3_w11,40,0.5251360932298602,82,1,False,0.7798240141132936,0.7770090015662381,
2026-06-14 02:29:54,classification_stl_ablation_r04_d03_w0011_11_11_11,stl_ablation_r04_d03_w0011_11_11_11,84,11,3,0.5242053555966768,0.525045630303031,classification,stl_ablation_r04_d03_w0011_11_11_11,cand_000_d3_w11,40,0.5251360932298602,82,2,False,0.7805361330436092,0.7785580282611315,
2026-06-14 02:30:31,classification_stl_ablation_r04_d03_w0011_11_11_11,stl_ablation_r04_d03_w0011_11_11_11,85,11,3,0.5240809850585956,0.5245033593153666,classification,stl_ablation_r04_d03_w0011_11_11_11,cand_000_d3_w11,40,0.5245033593153666,85,0,True,0.7799810675329705,0.7779728403986162,
2026-06-14 02:30:59,classification_stl_ablation_r04_d03_w0011_11_11_11,stl_ablation_r04_d03_w0011_11_11_11,86,11,3,0.5238452100017206,0.5240612666454375,classification,stl_ablation_r04_d03_w0011_11_11_11,cand_000_d3_w11,40,0.5240612666454375,86,0,True,0.7801166067855683,0.7784031255916422,
2026-06-14 02:31:28,classification_stl_ablation_r04_d03_w0011_11_11_11,stl_ablation_r04_d03_w0011_11_11_11,87,11,3,0.5236122651366476,0.5247519872065093,classification,stl_ablation_r04_d03_w0011_11_11_11,cand_000_d3_w11,40,0.5240612666454375,86,1,False,0.7802370861212108,0.7793669644240202,
2026-06-14 02:32:03,classification_stl_ablation_r04_d03_w0011_11_11_11,stl_ablation_r04_d03_w0011_11_11_11,88,11,3,0.5232518340515876,0.5241976411340036,classification,stl_ablation_r04_d03_w0011_11_11_11,cand_000_d3_w11,40,0.5240612666454375,86,2,False,0.7802908715389084,0.7796251355398358,
2026-06-14 02:32:31,classification_stl_ablation_r04_d03_w0011_11_11_11,stl_ablation_r04_d03_w0011_11_11_11,89,11,3,0.5228878087968302,0.5239144292596437,classification,stl_ablation_r04_d03_w0011_11_11_11,cand_000_d3_w11,40,0.5239144292596437,89,0,True,0.780497407542867,0.7796595583552779,
2026-06-14 02:32:59,classification_stl_ablation_r04_d03_w0011_11_11_11,stl_ablation_r04_d03_w0011_11_11_11,90,11,3,0.5226864276945672,0.5243312836542788,classification,stl_ablation_r04_d03_w0011_11_11_11,cand_000_d3_w11,40,0.5239144292596437,89,1,False,0.7802822658720767,0.7795735013166727,
2026-06-14 02:33:27,classification_stl_ablation_r04_d03_w0011_11_11_11,stl_ablation_r04_d03_w0011_11_11_11,91,11,3,0.5228116013053742,0.5254528037517018,classification,stl_ablation_r04_d03_w0011_11_11_11,cand_000_d3_w11,40,0.5239144292596437,89,2,False,0.7806781265463307,0.7770262129739591,
2026-06-14 02:34:10,classification_stl_ablation_r04_d03_w0011_11_11_11,stl_ablation_r04_d03_w0011_11_11_11,92,11,3,0.5220697080075198,0.5228855385041454,classification,stl_ablation_r04_d03_w0011_11_11_11,cand_000_d3_w11,40,0.5228855385041454,92,0,True,0.7808050601320969,0.7788678336001101,
2026-06-14 02:34:38,classification_stl_ablation_r04_d03_w0011_11_11_11,stl_ablation_r04_d03_w0011_11_11_11,93,11,3,0.5221009082652208,0.5229938356595816,classification,stl_ablation_r04_d03_w0011_11_11_11,cand_000_d3_w11,40,0.5228855385041454,92,1,False,0.7807017921301177,0.7794013872394623,
2026-06-14 02:35:07,classification_stl_ablation_r04_d03_w0011_11_11_11,stl_ablation_r04_d03_w0011_11_11_11,94,11,3,0.5217856458133583,0.5228007285178966,classification,stl_ablation_r04_d03_w0011_11_11_11,cand_000_d3_w11,40,0.5228855385041454,92,2,False,0.7810610787203374,0.7796423469475569,
2026-06-14 02:35:42,classification_stl_ablation_r04_d03_w0011_11_11_11,stl_ablation_r04_d03_w0011_11_11_11,95,11,3,0.5213293393380296,0.5214512584691646,classification,stl_ablation_r04_d03_w0011_11_11_11,cand_000_d3_w11,40,0.5214512584691646,95,0,True,0.7810180503861793,0.7805545515567718,
2026-06-14 02:36:10,classification_stl_ablation_r04_d03_w0011_11_11_11,stl_ablation_r04_d03_w0011_11_11_11,96,11,3,0.5212012999983263,0.5216807381273479,classification,stl_ablation_r04_d03_w0011_11_11_11,cand_000_d3_w11,40,0.5214512584691646,95,1,False,0.7813257029754093,0.7800726321405828,
2026-06-14 02:36:46,classification_stl_ablation_r04_d03_w0011_11_11_11,stl_ablation_r04_d03_w0011_11_11_11,97,11,3,0.5211539040303051,0.521066843860131,classification,stl_ablation_r04_d03_w0011_11_11_11,cand_000_d3_w11,40,0.521066843860131,97,0,True,0.7811600438889008,0.7810364709729609,
2026-06-14 02:37:14,classification_stl_ablation_r04_d03_w0011_11_11_11,stl_ablation_r04_d03_w0011_11_11_11,98,11,3,0.5207956930522636,0.5210462675593428,classification,stl_ablation_r04_d03_w0011_11_11_11,cand_000_d3_w11,40,0.521066843860131,97,1,False,0.7814569393945914,0.7815872360200341,
2026-06-14 02:37:42,classification_stl_ablation_r04_d03_w0011_11_11_11,stl_ablation_r04_d03_w0011_11_11_11,99,11,3,0.5210752900017972,0.5219530599650449,classification,stl_ablation_r04_d03_w0011_11_11_11,cand_000_d3_w11,40,0.521066843860131,97,2,False,0.7812052236397667,0.7797800382093252,
2026-06-14 02:38:19,classification_stl_ablation_r04_d03_w0011_11_11_11,stl_ablation_r04_d03_w0011_11_11_11,100,11,3,0.5208148359754831,0.5212189394515369,classification,stl_ablation_r04_d03_w0011_11_11_11,cand_000_d3_w11,40,0.521066843860131,97,3,False,0.7815214818958284,0.7801414777714669,
2026-06-14 02:38:46,classification_stl_ablation_r04_d03_w0011_11_11_11,stl_ablation_r04_d03_w0011_11_11_11,101,11,3,0.5204778241209974,0.5212389760359136,classification,stl_ablation_r04_d03_w0011_11_11_11,cand_000_d3_w11,40,0.521066843860131,97,4,False,0.7814784535616703,0.7811913736424502,
2026-06-14 02:39:20,classification_stl_ablation_r04_d03_w0011_11_11_11,stl_ablation_r04_d03_w0011_11_11_11,102,11,3,0.5203818934832333,0.5201152181252356,classification,stl_ablation_r04_d03_w0011_11_11_11,cand_000_d3_w11,40,0.5201152181252356,102,0,True,0.7816570211484263,0.7819314641744548,
2026-06-14 02:39:48,classification_stl_ablation_r04_d03_w0011_11_11_11,stl_ablation_r04_d03_w0011_11_11_11,103,11,3,0.5204738720151557,0.5205622193501498,classification,stl_ablation_r04_d03_w0011_11_11_11,cand_000_d3_w11,40,0.5201152181252356,102,1,False,0.7815623588132785,0.7813118534964975,
2026-06-14 02:40:17,classification_stl_ablation_r04_d03_w0011_11_11_11,stl_ablation_r04_d03_w0011_11_11_11,104,11,3,0.5199766478127957,0.5206518552475292,classification,stl_ablation_r04_d03_w0011_11_11_11,cand_000_d3_w11,40,0.5201152181252356,102,2,False,0.781618295647684,0.7813290649042185,
2026-06-14 02:40:44,classification_stl_ablation_r04_d03_w0011_11_11_11,stl_ablation_r04_d03_w0011_11_11_11,105,11,3,0.5199884960692484,0.519790294866911,classification,stl_ablation_r04_d03_w0011_11_11_11,cand_000_d3_w11,40,0.519790294866911,105,0,True,0.7820700931563435,0.7817077158740814,
2026-06-14 02:41:22,classification_stl_ablation_r04_d03_w0011_11_11_11,stl_ablation_r04_d03_w0011_11_11_11,106,11,3,0.5198917836028433,0.5201167926579296,classification,stl_ablation_r04_d03_w0011_11_11_11,cand_000_d3_w11,40,0.519790294866911,105,1,False,0.781773197650653,0.7810020481575188,
2026-06-14 02:41:49,classification_stl_ablation_r04_d03_w0011_11_11_11,stl_ablation_r04_d03_w0011_11_11_11,107,11,3,0.5192933628361683,0.5209895242021937,classification,stl_ablation_r04_d03_w0011_11_11_11,cand_000_d3_w11,40,0.519790294866911,105,2,False,0.7824057141627762,0.7817249272818024,
2026-06-14 02:42:24,classification_stl_ablation_r04_d03_w0011_11_11_11,stl_ablation_r04_d03_w0011_11_11_11,108,11,3,0.5194722684988895,0.5199105280625123,classification,stl_ablation_r04_d03_w0011_11_11_11,cand_000_d3_w11,40,0.519790294866911,105,3,False,0.7822206923258966,0.7808815683034716,
2026-06-14 02:42:52,classification_stl_ablation_r04_d03_w0011_11_11_11,stl_ablation_r04_d03_w0011_11_11_11,109,11,3,0.5191928505364066,0.5201024721334424,classification,stl_ablation_r04_d03_w0011_11_11_11,cand_000_d3_w11,40,0.519790294866911,105,4,False,0.782123878574041,0.7813290649042185,
2026-06-14 02:43:27,classification_stl_ablation_r04_d03_w0011_11_11_11,stl_ablation_r04_d03_w0011_11_11_11,110,11,3,0.5190888024954261,0.5191368233402309,classification,stl_ablation_r04_d03_w0011_11_11_11,cand_000_d3_w11,40,0.5191368233402309,110,0,True,0.7821927239086939,0.782034732620781,
2026-06-14 02:43:57,classification_stl_ablation_r04_d03_w0011_11_11_11,stl_ablation_r04_d03_w0011_11_11_11,111,11,3,0.5188048183319145,0.5193562132126596,classification,stl_ablation_r04_d03_w0011_11_11_11,cand_000_d3_w11,40,0.5191368233402309,110,1,False,0.7826316129171059,0.7802447462177932,
2026-06-14 02:44:27,classification_stl_ablation_r04_d03_w0011_11_11_11,stl_ablation_r04_d03_w0011_11_11_11,112,11,3,0.5190669955894076,0.5189088951939981,classification,stl_ablation_r04_d03_w0011_11_11_11,cand_000_d3_w11,40,0.5189088951939981,112,0,True,0.782321808911168,0.7807266656339822,
2026-06-14 02:44:55,classification_stl_ablation_r04_d03_w0011_11_11_11,stl_ablation_r04_d03_w0011_11_11_11,113,11,3,0.5185179612532491,0.5194011620456644,classification,stl_ablation_r04_d03_w0011_11_11_11,cand_000_d3_w11,40,0.5189088951939981,112,1,False,0.782166906908199,0.783360011015301,
2026-06-14 02:45:22,classification_stl_ablation_r04_d03_w0011_11_11_11,stl_ablation_r04_d03_w0011_11_11_11,114,11,3,0.5187701482177922,0.5196836166791285,classification,stl_ablation_r04_d03_w0011_11_11_11,cand_000_d3_w11,40,0.5189088951939981,112,2,False,0.7824616509971817,0.7813290649042185,
2026-06-14 02:45:51,classification_stl_ablation_r04_d03_w0011_11_11_11,stl_ablation_r04_d03_w0011_11_11_11,115,11,3,0.5192186891826166,0.5188964088534191,classification,stl_ablation_r04_d03_w0011_11_11_11,cand_000_d3_w11,40,0.5189088951939981,112,3,False,0.7819431595705773,0.781139739419287,
2026-06-14 02:46:26,classification_stl_ablation_r04_d03_w0011_11_11_11,stl_ablation_r04_d03_w0011_11_11_11,116,11,3,0.5182972458953309,0.518330048279406,classification,stl_ablation_r04_d03_w0011_11_11_11,cand_000_d3_w11,40,0.518330048279406,116,0,True,0.782300294744089,0.7804168602950036,
2026-06-14 02:47:02,classification_stl_ablation_r04_d03_w0011_11_11_11,stl_ablation_r04_d03_w0011_11_11_11,117,11,3,0.5180998102638039,0.518614511826685,classification,stl_ablation_r04_d03_w0011_11_11_11,cand_000_d3_w11,40,0.518330048279406,116,1,False,0.7825778274994084,0.7819314641744548,
2026-06-14 02:47:30,classification_stl_ablation_r04_d03_w0011_11_11_11,stl_ablation_r04_d03_w0011_11_11_11,118,11,3,0.5178483077138486,0.51843142499612,classification,stl_ablation_r04_d03_w0011_11_11_11,cand_000_d3_w11,40,0.518330048279406,116,2,False,0.7828467545878961,0.782465017813807,
2026-06-14 02:48:05,classification_stl_ablation_r04_d03_w0011_11_11_11,stl_ablation_r04_d03_w0011_11_11_11,119,11,3,0.5179466220662705,0.5193854795333467,classification,stl_ablation_r04_d03_w0011_11_11_11,cand_000_d3_w11,40,0.518330048279406,116,3,False,0.7828144833372775,0.7807266656339822,
2026-06-14 02:48:34,classification_stl_ablation_r04_d03_w0011_11_11_11,stl_ablation_r04_d03_w0011_11_11_11,120,11,3,0.5182822948122175,0.5182819303978996,classification,stl_ablation_r04_d03_w0011_11_11_11,cand_000_d3_w11,40,0.518330048279406,116,4,False,0.7827198210021299,0.7809676253420768,
2026-06-14 02:49:02,classification_stl_ablation_r04_d03_w0011_11_11_11,stl_ablation_r04_d03_w0011_11_11_11,121,11,3,0.5175721907335598,0.5185993899279512,classification,stl_ablation_r04_d03_w0011_11_11_11,cand_000_d3_w11,40,0.518330048279406,116,5,False,0.7827370323357932,0.7807266656339822,
2026-06-14 02:49:36,classification_stl_ablation_r04_d03_w0011_11_11_11,stl_ablation_r04_d03_w0011_11_11_11,122,11,3,0.5174400286995496,0.5179624743846191,classification,stl_ablation_r04_d03_w0011_11_11_11,cand_000_d3_w11,40,0.5179624743846191,122,0,True,0.7828252404208171,0.7833255881998589,
2026-06-14 02:50:04,classification_stl_ablation_r04_d03_w0011_11_11_11,stl_ablation_r04_d03_w0011_11_11_11,123,11,3,0.5174760959882985,0.5180666209553665,classification,stl_ablation_r04_d03_w0011_11_11_11,cand_000_d3_w11,40,0.5179624743846191,122,1,False,0.7829026914223016,0.7814323333505447,
2026-06-14 02:50:34,classification_stl_ablation_r04_d03_w0011_11_11_11,stl_ablation_r04_d03_w0011_11_11_11,124,11,3,0.5174356037669532,0.5179065126740472,classification,stl_ablation_r04_d03_w0011_11_11_11,cand_000_d3_w11,40,0.5179624743846191,122,2,False,0.783554570684796,0.7816044474277551,
2026-06-14 02:51:03,classification_stl_ablation_r04_d03_w0011_11_11_11,stl_ablation_r04_d03_w0011_11_11_11,125,11,3,0.5170514080252125,0.5178382311724371,classification,stl_ablation_r04_d03_w0011_11_11_11,cand_000_d3_w11,40,0.5178382311724371,125,0,True,0.7827736064198274,0.7837902962083269,
2026-06-14 02:51:38,classification_stl_ablation_r04_d03_w0011_11_11_11,stl_ablation_r04_d03_w0011_11_11_11,126,11,3,0.5170898503399672,0.5174325723378963,classification,stl_ablation_r04_d03_w0011_11_11_11,cand_000_d3_w11,40,0.5174325723378963,126,0,True,0.7834039715152428,0.7834116452384641,
2026-06-14 02:52:05,classification_stl_ablation_r04_d03_w0011_11_11_11,stl_ablation_r04_d03_w0011_11_11_11,127,11,3,0.5168545243149228,0.5180105652936927,classification,stl_ablation_r04_d03_w0011_11_11_11,cand_000_d3_w11,40,0.5174325723378963,126,1,False,0.7831866784277447,0.781088105196124,
2026-06-14 02:52:34,classification_stl_ablation_r04_d03_w0011_11_11_11,stl_ablation_r04_d03_w0011_11_11_11,128,11,3,0.5173896668387199,0.5180551818862774,classification,stl_ablation_r04_d03_w0011_11_11_11,cand_000_d3_w11,40,0.5174325723378963,126,2,False,0.7828553602547277,0.7826199204832963,
2026-06-14 02:53:03,classification_stl_ablation_r04_d03_w0011_11_11_11,stl_ablation_r04_d03_w0011_11_11_11,129,11,3,0.5171370908876045,0.5177004865741498,classification,stl_ablation_r04_d03_w0011_11_11_11,cand_000_d3_w11,40,0.5174325723378963,126,3,False,0.7833093091800951,0.7827576117450646,
2026-06-14 02:53:39,classification_stl_ablation_r04_d03_w0011_11_11_11,stl_ablation_r04_d03_w0011_11_11_11,130,11,3,0.5173885943603347,0.5172654164990317,classification,stl_ablation_r04_d03_w0011_11_11_11,cand_000_d3_w11,40,0.5172654164990317,130,0,True,0.7833308233471741,0.7822756923288756,
2026-06-14 02:54:07,classification_stl_ablation_r04_d03_w0011_11_11_11,stl_ablation_r04_d03_w0011_11_11_11,131,11,3,0.5166141592279846,0.5170700393058177,classification,stl_ablation_r04_d03_w0011_11_11_11,cand_000_d3_w11,40,0.5170700393058177,131,0,True,0.7835287536843011,0.7815700246123131,
2026-06-14 02:54:43,classification_stl_ablation_r04_d03_w0011_11_11_11,stl_ablation_r04_d03_w0011_11_11_11,132,11,3,0.5166757564549704,0.5166829446790485,classification,stl_ablation_r04_d03_w0011_11_11_11,cand_000_d3_w11,40,0.5166829446790485,132,0,True,0.7830661990921022,0.7822929037365967,
2026-06-14 02:55:10,classification_stl_ablation_r04_d03_w0011_11_11_11,stl_ablation_r04_d03_w0011_11_11_11,133,11,3,0.516643241171413,0.516807675023093,classification,stl_ablation_r04_d03_w0011_11_11_11,cand_000_d3_w11,40,0.5166829446790485,132,1,False,0.7831264387599234,0.7823617493674808,
2026-06-14 02:55:45,classification_stl_ablation_r04_d03_w0011_11_11_11,stl_ablation_r04_d03_w0011_11_11_11,134,11,3,0.5165584007976762,0.517516727796391,classification,stl_ablation_r04_d03_w0011_11_11_11,cand_000_d3_w11,40,0.5166829446790485,132,2,False,0.7834771196833115,0.7830157828608801,
2026-06-14 02:56:14,classification_stl_ablation_r04_d03_w0011_11_11_11,stl_ablation_r04_d03_w0011_11_11_11,135,11,3,0.5163130311746815,0.5161101147620946,classification,stl_ablation_r04_d03_w0011_11_11_11,cand_000_d3_w11,40,0.5161101147620946,135,0,True,0.7833050063466793,0.7828092459682278,
2026-06-14 02:56:50,classification_stl_ablation_r04_d03_w0011_11_11_11,stl_ablation_r04_d03_w0011_11_11_11,136,11,3,0.5167847201065605,0.5173944958955051,classification,stl_ablation_r04_d03_w0011_11_11_11,cand_000_d3_w11,40,0.5161101147620946,135,1,False,0.7832964006798476,0.7820863668439442,
2026-06-14 02:57:17,classification_stl_ablation_r04_d03_w0011_11_11_11,stl_ablation_r04_d03_w0011_11_11_11,137,11,3,0.5158835352950805,0.5159363430354051,classification,stl_ablation_r04_d03_w0011_11_11_11,cand_000_d3_w11,40,0.5159363430354051,137,0,True,0.7838364062735311,0.7826543432987384,
2026-06-14 02:57:55,classification_stl_ablation_r04_d03_w0011_11_11_11,stl_ablation_r04_d03_w0011_11_11_11,138,11,3,0.5162163624056968,0.5164075577585909,classification,stl_ablation_r04_d03_w0011_11_11_11,cand_000_d3_w11,40,0.5159363430354051,137,1,False,0.7836728986037306,0.7813118534964975,
2026-06-14 02:58:23,classification_stl_ablation_r04_d03_w0011_11_11_11,stl_ablation_r04_d03_w0011_11_11_11,139,11,3,0.5162166285385571,0.5190619612051569,classification,stl_ablation_r04_d03_w0011_11_11_11,cand_000_d3_w11,40,0.5159363430354051,137,2,False,0.7836513844366515,0.7821207896593863,
2026-06-14 02:58:50,classification_stl_ablation_r04_d03_w0011_11_11_11,stl_ablation_r04_d03_w0011_11_11_11,140,11,3,0.5159732982938501,0.5163662964809462,classification,stl_ablation_r04_d03_w0011_11_11_11,cand_000_d3_w11,40,0.5159363430354051,137,3,False,0.7833910630149954,0.7827920345605067,
2026-06-14 02:59:25,classification_stl_ablation_r04_d03_w0011_11_11_11,stl_ablation_r04_d03_w0011_11_11_11,141,11,3,0.5159418351822431,0.5177304806027039,classification,stl_ablation_r04_d03_w0011_11_11_11,cand_000_d3_w11,40,0.5159363430354051,137,4,False,0.7837804694391257,0.7811569508270081,
2026-06-14 03:00:01,classification_stl_ablation_r04_d03_w0011_11_11_11,stl_ablation_r04_d03_w0011_11_11_11,142,11,3,0.5158334104976484,0.516552251322241,classification,stl_ablation_r04_d03_w0011_11_11_11,cand_000_d3_w11,40,0.5159363430354051,137,5,False,0.7836341731029883,0.7826887661141805,
2026-06-14 03:00:30,classification_stl_ablation_r04_d03_w0011_11_11_11,stl_ablation_r04_d03_w0011_11_11_11,143,11,3,0.5157454445897547,0.51682554763602,classification,stl_ablation_r04_d03_w0011_11_11_11,cand_000_d3_w11,40,0.5159363430354051,137,6,False,0.7837030184376412,0.7812602192733343,
2026-06-14 03:01:02,classification_stl_ablation_r04_d03_w0011_11_11_11,stl_ablation_r04_d03_w0011_11_11_11,144,11,3,0.5157591619417407,0.5157058040213806,classification,stl_ablation_r04_d03_w0011_11_11_11,cand_000_d3_w11,40,0.5157058040213806,144,0,True,0.7838299520234074,0.7813806991273816,
2026-06-14 03:01:31,classification_stl_ablation_r04_d03_w0011_11_11_11,stl_ablation_r04_d03_w0011_11_11_11,145,11,3,0.5155753003371434,0.516320701379033,classification,stl_ablation_r04_d03_w0011_11_11_11,cand_000_d3_w11,40,0.5157058040213806,144,1,False,0.7836234160194488,0.7821207896593863,
2026-06-14 03:02:00,classification_stl_ablation_r04_d03_w0011_11_11_11,stl_ablation_r04_d03_w0011_11_11_11,146,11,3,0.5154297846473255,0.5160009711603809,classification,stl_ablation_r04_d03_w0011_11_11_11,cand_000_d3_w11,40,0.5157058040213806,144,2,False,0.784167724446548,0.7829985714531592,
2026-06-14 03:02:35,classification_stl_ablation_r04_d03_w0011_11_11_11,stl_ablation_r04_d03_w0011_11_11_11,147,11,3,0.5154008134902364,0.5156517226793145,classification,stl_ablation_r04_d03_w0011_11_11_11,cand_000_d3_w11,40,0.5157058040213806,144,3,False,0.7837869236892494,0.7829641486377171,
2026-06-14 03:03:11,classification_stl_ablation_r04_d03_w0011_11_11_11,stl_ablation_r04_d03_w0011_11_11_11,148,11,3,0.5152734112989363,0.5170590855589389,classification,stl_ablation_r04_d03_w0011_11_11_11,cand_000_d3_w11,40,0.5157058040213806,144,4,False,0.7833566403476689,0.78201752121306,
2026-06-14 03:03:39,classification_stl_ablation_r04_d03_w0011_11_11_11,stl_ablation_r04_d03_w0011_11_11_11,149,11,3,0.5154319622405273,0.5155973062823269,classification,stl_ablation_r04_d03_w0011_11_11_11,cand_000_d3_w11,40,0.5155973062823269,149,0,True,0.7839633398592973,0.7815700246123131,
2026-06-14 03:04:11,classification_stl_ablation_r04_d03_w0011_11_11_11,stl_ablation_r04_d03_w0011_11_11_11,150,11,3,0.5155142369885543,0.5157052730039172,classification,stl_ablation_r04_d03_w0011_11_11_11,cand_000_d3_w11,40,0.5155973062823269,149,1,False,0.7837568038553387,0.7812602192733343,
2026-06-14 03:04:39,classification_stl_ablation_r04_d03_w0011_11_11_11,stl_ablation_r04_d03_w0011_11_11_11,151,11,3,0.5153368607181061,0.515235056103787,classification,stl_ablation_r04_d03_w0011_11_11_11,cand_000_d3_w11,40,0.515235056103787,151,0,True,0.7836105075192014,0.7817765615049654,
2026-06-14 03:05:15,classification_stl_ablation_r04_d03_w0011_11_11_11,stl_ablation_r04_d03_w0011_11_11_11,152,11,3,0.515154758747621,0.5149853390883345,classification,stl_ablation_r04_d03_w0011_11_11_11,cand_000_d3_w11,40,0.5149853390883345,152,0,True,0.783838557690239,0.7827920345605067,
2026-06-14 03:05:52,classification_stl_ablation_r04_d03_w0011_11_11_11,stl_ablation_r04_d03_w0011_11_11_11,153,11,3,0.5154957886648138,0.516454138428399,classification,stl_ablation_r04_d03_w0011_11_11_11,cand_000_d3_w11,40,0.5149853390883345,152,1,False,0.7835932961855382,0.7808987797111926,
2026-06-14 03:06:20,classification_stl_ablation_r04_d03_w0011_11_11_11,stl_ablation_r04_d03_w0011_11_11_11,154,11,3,0.5152095607360575,0.5156915700016463,classification,stl_ablation_r04_d03_w0011_11_11_11,cand_000_d3_w11,40,0.5149853390883345,152,2,False,0.784212904197414,0.7828092459682278,
2026-06-14 03:06:56,classification_stl_ablation_r04_d03_w0011_11_11_11,stl_ablation_r04_d03_w0011_11_11_11,155,11,3,0.5149230745844534,0.5156493184642454,classification,stl_ablation_r04_d03_w0011_11_11_11,cand_000_d3_w11,40,0.5149853390883345,152,3,False,0.7839439771089263,0.7818454071358496,
2026-06-14 03:07:26,classification_stl_ablation_r04_d03_w0011_11_11_11,stl_ablation_r04_d03_w0011_11_11_11,156,11,3,0.5147797011053938,0.5155934057835488,classification,stl_ablation_r04_d03_w0011_11_11_11,cand_000_d3_w11,40,0.5149853390883345,152,4,False,0.7840063681934554,0.7822584809211546,
2026-06-14 03:08:02,classification_stl_ablation_r04_d03_w0011_11_11_11,stl_ablation_r04_d03_w0011_11_11_11,157,11,3,0.5144781418779303,0.514813895277414,classification,stl_ablation_r04_d03_w0011_11_11_11,cand_000_d3_w11,40,0.514813895277414,157,0,True,0.784279598115359,0.7839624102855373,
2026-06-14 03:08:38,classification_stl_ablation_r04_d03_w0011_11_11_11,stl_ablation_r04_d03_w0011_11_11_11,158,11,3,0.5146259977011659,0.5148159424416717,classification,stl_ablation_r04_d03_w0011_11_11_11,cand_000_d3_w11,40,0.514813895277414,157,1,False,0.7841440588627612,0.7831878969380905,
2026-06-14 03:09:06,classification_stl_ablation_r04_d03_w0011_11_11_11,stl_ablation_r04_d03_w0011_11_11_11,159,11,3,0.5144038988702133,0.5148664362362741,classification,stl_ablation_r04_d03_w0011_11_11_11,cand_000_d3_w11,40,0.514813895277414,157,2,False,0.7841827843635034,0.782482229221528,
2026-06-14 03:09:34,classification_stl_ablation_r04_d03_w0011_11_11_11,stl_ablation_r04_d03_w0011_11_11_11,160,11,3,0.514572881031656,0.5156603854220942,classification,stl_ablation_r04_d03_w0011_11_11_11,cand_000_d3_w11,40,0.514813895277414,157,3,False,0.7838256491899916,0.7829813600454382,
2026-06-14 03:10:10,classification_stl_ablation_r04_d03_w0011_11_11_11,stl_ablation_r04_d03_w0011_11_11_11,161,11,3,0.515008371651515,0.5156408785179465,classification,stl_ablation_r04_d03_w0011_11_11_11,cand_000_d3_w11,40,0.514813895277414,157,4,False,0.7839913082765001,0.7813290649042185,
2026-06-14 03:10:39,classification_stl_ablation_r04_d03_w0011_11_11_11,stl_ablation_r04_d03_w0011_11_11_11,162,11,3,0.5147279902447912,0.5155809106532314,classification,stl_ablation_r04_d03_w0011_11_11_11,cand_000_d3_w11,40,0.514813895277414,157,5,False,0.7838858888578129,0.7828092459682278,
2026-06-14 03:11:14,classification_stl_ablation_r04_d03_w0011_11_11_11,stl_ablation_r04_d03_w0011_11_11_11,163,11,3,0.5149735724066055,0.5150253466941332,classification,stl_ablation_r04_d03_w0011_11_11_11,cand_000_d3_w11,40,0.514813895277414,157,6,False,0.7837976807727889,0.7816560816509183,
2026-06-14 03:11:44,classification_stl_ablation_r04_d03_w0011_11_11_11,stl_ablation_r04_d03_w0011_11_11_11,164,11,3,0.5144111808238189,0.5146987452559093,classification,stl_ablation_r04_d03_w0011_11_11_11,cand_000_d3_w11,40,0.5146987452559093,164,0,True,0.7839999139433317,0.7822068466979915,
2026-06-14 03:12:12,classification_stl_ablation_r04_d03_w0011_11_11_11,stl_ablation_r04_d03_w0011_11_11_11,165,11,3,0.5142917641127716,0.515849492121735,classification,stl_ablation_r04_d03_w0011_11_11_11,cand_000_d3_w11,40,0.5146987452559093,164,1,False,0.7838127406897442,0.7829813600454382,
2026-06-14 03:12:48,classification_stl_ablation_r04_d03_w0011_11_11_11,stl_ablation_r04_d03_w0011_11_11_11,166,11,3,0.514722390157272,0.5144570051266509,classification,stl_ablation_r04_d03_w0011_11_11_11,cand_000_d3_w11,40,0.5144570051266509,166,0,True,0.7839117058583077,0.7834460680539062,
2026-06-14 03:13:16,classification_stl_ablation_r04_d03_w0011_11_11_11,stl_ablation_r04_d03_w0011_11_11_11,167,11,3,0.5142907079960736,0.514217511277234,classification,stl_ablation_r04_d03_w0011_11_11_11,cand_000_d3_w11,40,0.514217511277234,167,0,True,0.7839783997762526,0.782499440629249,
2026-06-14 03:13:53,classification_stl_ablation_r04_d03_w0011_11_11_11,stl_ablation_r04_d03_w0011_11_11_11,168,11,3,0.5144117024653171,0.514570620509364,classification,stl_ablation_r04_d03_w0011_11_11_11,cand_000_d3_w11,40,0.514217511277234,167,1,False,0.7839891568597922,0.782465017813807,
2026-06-14 03:14:21,classification_stl_ablation_r04_d03_w0011_11_11_11,stl_ablation_r04_d03_w0011_11_11_11,169,11,3,0.5144217879759209,0.5143846537976136,classification,stl_ablation_r04_d03_w0011_11_11_11,cand_000_d3_w11,40,0.514217511277234,167,2,False,0.7838966459413523,0.7821552124748283,
2026-06-14 03:14:51,classification_stl_ablation_r04_d03_w0011_11_11_11,stl_ablation_r04_d03_w0011_11_11_11,170,11,3,0.5139526086361795,0.5140873162179651,classification,stl_ablation_r04_d03_w0011_11_11_11,cand_000_d3_w11,40,0.5140873162179651,170,0,True,0.784279598115359,0.7839279874700952,
2026-06-14 03:15:19,classification_stl_ablation_r04_d03_w0011_11_11_11,stl_ablation_r04_d03_w0011_11_11_11,171,11,3,0.5139865162930101,0.5144453289315913,classification,stl_ablation_r04_d03_w0011_11_11_11,cand_000_d3_w11,40,0.5140873162179651,170,1,False,0.7840924248617714,0.7818281957281286,
2026-06-14 03:15:54,classification_stl_ablation_r04_d03_w0011_11_11_11,stl_ablation_r04_d03_w0011_11_11_11,172,11,3,0.5142467069252948,0.5147786530286493,classification,stl_ablation_r04_d03_w0011_11_11_11,cand_000_d3_w11,40,0.5140873162179651,170,2,False,0.7833673974312084,0.7817937729126865,
2026-06-14 03:16:30,classification_stl_ablation_r04_d03_w0011_11_11_11,stl_ablation_r04_d03_w0011_11_11_11,173,11,3,0.5137952142093548,0.5142935447696072,classification,stl_ablation_r04_d03_w0011_11_11_11,cand_000_d3_w11,40,0.5140873162179651,170,3,False,0.7842903551988984,0.7819314641744548,
2026-06-14 03:17:05,classification_stl_ablation_r04_d03_w0011_11_11_11,stl_ablation_r04_d03_w0011_11_11_11,174,11,3,0.513940064453278,0.5145449745668601,classification,stl_ablation_r04_d03_w0011_11_11_11,cand_000_d3_w11,40,0.5140873162179651,170,4,False,0.7838062864396205,0.7828436687836698,
2026-06-14 03:17:47,classification_stl_ablation_r04_d03_w0011_11_11_11,stl_ablation_r04_d03_w0011_11_11_11,175,11,3,0.5138979817405707,0.5146061668750787,classification,stl_ablation_r04_d03_w0011_11_11_11,cand_000_d3_w11,40,0.5140873162179651,170,5,False,0.7839870054430843,0.7819142527667338,
2026-06-14 03:18:15,classification_stl_ablation_r04_d03_w0011_11_11_11,stl_ablation_r04_d03_w0011_11_11_11,176,11,3,0.5137691029285426,0.5136708232274624,classification,stl_ablation_r04_d03_w0011_11_11_11,cand_000_d3_w11,40,0.5136708232274624,176,0,True,0.7842709924485274,0.7836009707233955,
2026-06-14 03:18:43,classification_stl_ablation_r04_d03_w0011_11_11_11,stl_ablation_r04_d03_w0011_11_11_11,177,11,3,0.5135545741306089,0.5151726732799632,classification,stl_ablation_r04_d03_w0011_11_11_11,cand_000_d3_w11,40,0.5136708232274624,176,1,False,0.7838450119403627,0.7805201287413297,
2026-06-14 03:19:11,classification_stl_ablation_r04_d03_w0011_11_11_11,stl_ablation_r04_d03_w0011_11_11_11,178,11,3,0.5136950769016858,0.5140993135000793,classification,stl_ablation_r04_d03_w0011_11_11_11,cand_000_d3_w11,40,0.5136708232274624,176,2,False,0.783905251608184,0.7814151219428237,
2026-06-14 03:19:39,classification_stl_ablation_r04_d03_w0011_11_11_11,stl_ablation_r04_d03_w0011_11_11_11,179,11,3,0.5134707698548934,0.5140541394669571,classification,stl_ablation_r04_d03_w0011_11_11_11,cand_000_d3_w11,40,0.5136708232274624,176,3,False,0.7840773649448162,0.7826027090755753,
2026-06-14 03:20:15,classification_stl_ablation_r04_d03_w0011_11_11_11,stl_ablation_r04_d03_w0011_11_11_11,180,11,3,0.5141373811902028,0.5129990611644117,classification,stl_ablation_r04_d03_w0011_11_11_11,cand_000_d3_w11,40,0.5129990611644117,180,0,True,0.7837094726877649,0.7837902962083269,
2026-06-14 03:20:42,classification_stl_ablation_r04_d03_w0011_11_11_11,stl_ablation_r04_d03_w0011_11_11_11,181,11,3,0.5130743713000461,0.5142260588270439,classification,stl_ablation_r04_d03_w0011_11_11_11,cand_000_d3_w11,40,0.5129990611644117,180,1,False,0.7843914717841699,0.7827404003373436,
2026-06-14 03:21:18,classification_stl_ablation_r04_d03_w0011_11_11_11,stl_ablation_r04_d03_w0011_11_11_11,182,11,3,0.513543020739992,0.5133301174119919,classification,stl_ablation_r04_d03_w0011_11_11_11,cand_000_d3_w11,40,0.5129990611644117,180,2,False,0.7841311503625137,0.7831362627149274,
2026-06-14 03:21:45,classification_stl_ablation_r04_d03_w0011_11_11_11,stl_ablation_r04_d03_w0011_11_11_11,183,11,3,0.5131799478492516,0.5133207271290766,classification,stl_ablation_r04_d03_w0011_11_11_11,cand_000_d3_w11,40,0.5129990611644117,180,3,False,0.7842580839482799,0.7825338634446911,
2026-06-14 03:22:21,classification_stl_ablation_r04_d03_w0011_11_11_11,stl_ablation_r04_d03_w0011_11_11_11,184,11,3,0.5135507990588076,0.5153236337024942,classification,stl_ablation_r04_d03_w0011_11_11_11,cand_000_d3_w11,40,0.5129990611644117,180,4,False,0.7842473268647404,0.7830157828608801,
2026-06-14 03:22:48,classification_stl_ablation_r04_d03_w0011_11_11_11,stl_ablation_r04_d03_w0011_11_11_11,185,11,3,0.5135864179194537,0.5128059714036961,classification,stl_ablation_r04_d03_w0011_11_11_11,cand_000_d3_w11,40,0.5128059714036961,185,0,True,0.7843312321163486,0.7832739539766957,
2026-06-14 03:23:25,classification_stl_ablation_r04_d03_w0011_11_11_11,stl_ablation_r04_d03_w0011_11_11_11,186,11,3,0.5132055561079482,0.5155844244558354,classification,stl_ablation_r04_d03_w0011_11_11_11,cand_000_d3_w11,40,0.5128059714036961,185,1,False,0.7842731438652353,0.7832739539766957,
2026-06-14 03:23:53,classification_stl_ablation_r04_d03_w0011_11_11_11,stl_ablation_r04_d03_w0011_11_11_11,187,11,3,0.5132621962009908,0.51292060358619,classification,stl_ablation_r04_d03_w0011_11_11_11,cand_000_d3_w11,40,0.5128059714036961,185,2,False,0.784036488027366,0.7835837593156745,
2026-06-14 03:24:26,classification_stl_ablation_r04_d03_w0011_11_11_11,stl_ablation_r04_d03_w0011_11_11_11,188,11,3,0.5129403108127689,0.5127578172414361,classification,stl_ablation_r04_d03_w0011_11_11_11,cand_000_d3_w11,40,0.5128059714036961,185,3,False,0.7846926701232761,0.784754135040705,
2026-06-14 03:25:01,classification_stl_ablation_r04_d03_w0011_11_11_11,stl_ablation_r04_d03_w0011_11_11_11,189,11,3,0.5128184555472258,0.5135327708329069,classification,stl_ablation_r04_d03_w0011_11_11_11,cand_000_d3_w11,40,0.5128059714036961,185,4,False,0.78443234870162,0.7837042391697217,
2026-06-14 03:25:29,classification_stl_ablation_r04_d03_w0011_11_11_11,stl_ablation_r04_d03_w0011_11_11_11,190,11,3,0.5127779837434944,0.513533408661389,classification,stl_ablation_r04_d03_w0011_11_11_11,cand_000_d3_w11,40,0.5128059714036961,185,5,False,0.7843032636991459,0.7831706855303695,
2026-06-14 03:26:03,classification_stl_ablation_r04_d03_w0011_11_11_11,stl_ablation_r04_d03_w0011_11_11_11,191,11,3,0.5127739284486903,0.5138991359524533,classification,stl_ablation_r04_d03_w0011_11_11_11,cand_000_d3_w11,40,0.5128059714036961,185,6,False,0.7846367332888707,0.7822240581057125,
2026-06-14 03:26:32,classification_stl_ablation_r04_d03_w0011_11_11_11,stl_ablation_r04_d03_w0011_11_11_11,192,11,3,0.512675702291292,0.51480786455812,classification,stl_ablation_r04_d03_w0011_11_11_11,cand_000_d3_w11,40,0.5128059714036961,185,7,False,0.784520556786644,0.7814495447582658,
2026-06-14 03:26:59,classification_stl_ablation_r04_d03_w0011_11_11_11,stl_ablation_r04_d03_w0011_11_11_11,193,11,3,0.5126470356150561,0.5132922888165286,classification,stl_ablation_r04_d03_w0011_11_11_11,cand_000_d3_w11,40,0.5128059714036961,185,8,False,0.7845549794539705,0.7826027090755753,
2026-06-14 03:27:31,classification_stl_ablation_r04_d03_w0011_11_11_11,stl_ablation_r04_d03_w0011_11_11_11,194,11,3,0.5131809225134922,0.5132945888104126,classification,stl_ablation_r04_d03_w0011_11_11_11,cand_000_d3_w11,40,0.5128059714036961,185,9,False,0.7841870871969192,0.7850123061565205,
2026-06-14 03:28:07,classification_stl_ablation_r04_d03_w0011_11_11_11,stl_ablation_r04_d03_w0011_11_11_11,195,11,3,0.5128087916033308,0.5128861928786946,classification,stl_ablation_r04_d03_w0011_11_11_11,cand_000_d3_w11,40,0.5128059714036961,185,10,False,0.7848368150427056,0.7847025008175419,
